5.196152422706632
5.656854249492381
5.0990195135927845
8.06225774829855
6.324555320336759
5.830951894845301
4.358898943540674
3.1622776601683795
5.744562646538029
5.0990195135927845
1024
4
-3
6400
4
0
6
0
6400
0
4.993284624483908
0.11920306327063111
-3
0.9996646480655405
-0.048587479959762064
-6.0024756967823185
-3
0.999999999962248
-0.006715375516093078
2.951412520040236
665323.4217369602
-0.75
2.3
3.0359577600000027
2.0
3.0
0.06399999999999996
8
0.0
2.0
2.0
289
169
1.0
-1.2403703492039302
784
-1.0
-0.24264068711928477
-0.12132034355964239
-5.5
22.5
5600
4000
12000
3000
9.5
5.5
10.5
4800
16.5
8.0
7.5
13.0
9.0
3.0
8.5
12.5
4.5
3.5
2.5
15.0
8
9.0
47.0
3
18.5
14
9.0
2
14.0
64
32
36
0
13
72
0
72
28
72
6.4
0.4
4.8
2.0
0.8
4.4
3.6
2.8
1.0
3.2
0.5
7
1.301
9.3125
4.5
1.3015
6
6
0.2215
4
0.24229218908241482
0.39124356362925566
0.5293608652873644
0.6051865766334206
0.6051865766334206
0.6051865766334206
0.5916727785823275
0.6193821946787638
0.5293608652873644
0.26676498780302604
