5.196152422706632
5.656854249492381
5.0990195135927845
8.06225774829855
6.324555320336759
5.830951894845301
4.358898943540674
3.1622776601683795
5.744562646538029
5.0990195135927845
1024.0
4.0
-3.0
6400.0
4.0
0.0
6.0
0.0
6400.0
-0.0
3.9818500114795956
0.2130141833641622
-3.0
0.9996646480655405
-0.048587479959762064
-6.0024756967823185
-3.0
0.999999999962248
-0.018149988520404843

665323.4217369602
5.0
2.4
3.0359577600000027
2.02
3.0
0.06399999999999996
8.0
0.0
2.0
2.0
289.0
169.0
1.0
-1.2403703492039302
784.0
-1.0
-0.24264068711928477
-0.12132034355964239
-5.5
22.5
5600.0
4000.0
12000.0
3000.0
9.5
5.5
10.5
4800.0
16.5
8.0
7.5
13.0
9.0
3.0
8.5
12.5
4.5
3.5
2.5
15.0
8.0
9.0
47.0
3.0
19.0
14.0
9.0
2.0
14.0
64.0
32.0
36.0
0.0
13.0
72.0
0.0
72.0
28.0
72.0
6.4
0.4
4.8
2.0
0.8
4.4
3.6
2.8
1.0
3.2
0.5
7.0
1.301
9.3125
4.5
1.3015
6.0
6.0
0.2215
4.0
0.41381685030363374
0.6292492238560345
0.5916727785823275
0.6500224216483541
0.6098403047164004
0.6343095546405662
0.4021791902022729
0.28639695711595625
0.39124356362925566
0.2974722489192897